$map << EOD
-0.03 0.33 85.86
0.03 0.38 83.77
0.06 0.30 81.03
-0.03 0.33 85.86


0.68 -0.23 46.03
0.69 -0.35 44.55
0.61 -0.30 47.97
0.68 -0.23 46.03


0.25 0.47 76.49
0.34 0.52 76.02
0.33 0.43 74.30
0.25 0.47 76.49


-0.01 0.26 82.95
-0.03 0.33 85.86
0.06 0.30 81.03
-0.01 0.26 82.95


0.69 -0.35 44.55
0.68 -0.23 46.03
0.78 -0.32 42.64
0.69 -0.35 44.55


-0.16 -0.20 83.47
-0.15 -0.15 83.21
-0.10 -0.18 81.26
-0.16 -0.20 83.47


0.87 0.20 45.33
0.94 0.10 32.04
0.81 0.07 41.13
0.87 0.20 45.33


0.79 -0.06 39.94
0.81 0.07 41.13
0.89 -0.02 28.97
0.79 -0.06 39.94


0.80 -0.19 40.78
0.68 -0.23 46.03
0.69 -0.11 46.25
0.80 -0.19 40.78


0.08 -0.06 74.83
0.01 -0.01 78.10
0.07 0.04 76.43
0.08 -0.06 74.83


0.79 -0.06 39.94
0.80 -0.19 40.78
0.69 -0.11 46.25
0.79 -0.06 39.94


0.34 0.52 76.02
0.25 0.47 76.49
0.27 0.57 77.37
0.34 0.52 76.02


0.33 -0.25 60.47
0.24 -0.32 63.57
0.26 -0.22 64.54
0.33 -0.25 60.47


0.59 -0.48 44.11
0.48 -0.56 45.96
0.49 -0.42 49.58
0.59 -0.48 44.11


0.25 0.47 76.49
0.20 0.53 77.78
0.27 0.57 77.37
0.25 0.47 76.49


0.81 0.07 41.13
0.94 0.10 32.04
0.89 -0.02 28.97
0.81 0.07 41.13


0.42 0.46 73.11
0.37 0.34 71.01
0.33 0.43 74.30
0.42 0.46 73.11


-0.15 -0.15 83.21
-0.16 -0.20 83.47
-0.21 -0.16 84.63
-0.15 -0.15 83.21


-0.16 -0.20 83.47
-0.10 -0.18 81.26
-0.12 -0.25 82.53
-0.16 -0.20 83.47


-0.15 0.30 86.73
-0.13 0.35 89.84
-0.08 0.29 85.89
-0.15 0.30 86.73


0.34 0.52 76.02
0.42 0.46 73.11
0.33 0.43 74.30
0.34 0.52 76.02


0.24 -0.32 63.57
0.33 -0.25 60.47
0.35 -0.35 57.84
0.24 -0.32 63.57


-0.21 -0.16 84.63
-0.16 -0.20 83.47
-0.21 -0.22 84.52
-0.21 -0.16 84.63


0.48 -0.56 45.96
0.38 -0.44 54.33
0.49 -0.42 49.58
0.48 -0.56 45.96


0.37 0.34 71.01
0.42 0.46 73.11
0.47 0.36 68.76
0.37 0.34 71.01


-0.19 -0.09 85.16
-0.15 -0.15 83.21
-0.21 -0.16 84.63
-0.19 -0.09 85.16


0.78 -0.60 36.04
0.74 -0.70 26.86
0.65 -0.61 35.70
0.78 -0.60 36.04


0.25 -0.14 66.53
0.17 -0.22 68.44
0.15 -0.12 71.12
0.25 -0.14 66.53


-0.20 -0.02 87.03
-0.19 -0.09 85.16
-0.24 -0.06 87.95
-0.20 -0.02 87.03


0.15 -0.01 72.69
0.08 -0.06 74.83
0.07 0.04 76.43
0.15 -0.01 72.69


0.81 0.07 41.13
0.79 -0.06 39.94
0.72 -0.01 45.85
0.81 0.07 41.13


0.57 -0.13 51.85
0.44 -0.11 58.51
0.52 -0.03 56.45
0.57 -0.13 51.85


-0.09 0.11 82.72
-0.04 0.05 80.78
-0.11 0.04 83.20
-0.09 0.11 82.72


0.15 -0.12 71.12
0.15 -0.01 72.69
0.23 -0.04 68.61
0.15 -0.12 71.12


0.48 -0.70 41.52
0.36 -0.65 49.64
0.48 -0.56 45.96
0.48 -0.70 41.52


-0.03 -0.35 78.21
-0.09 -0.45 80.11
-0.10 -0.35 82.78
-0.03 -0.35 78.21


0.48 -0.56 45.96
0.36 -0.65 49.64
0.33 -0.55 53.83
0.48 -0.56 45.96


0.56 0.15 58.65
0.48 0.07 60.31
0.45 0.17 64.03
0.56 0.15 58.65


-0.19 -0.09 85.16
-0.20 -0.02 87.03
-0.15 -0.03 84.37
-0.19 -0.09 85.16


0.15 -0.42 66.24
0.03 -0.50 71.43
0.03 -0.40 73.21
0.15 -0.42 66.24


0.14 -0.55 64.06
0.03 -0.50 71.43
0.15 -0.42 66.24
0.14 -0.55 64.06


0.47 0.36 68.76
0.50 0.24 63.90
0.41 0.26 67.79
0.47 0.36 68.76


0.48 -0.56 45.96
0.59 -0.48 44.11
0.60 -0.56 40.57
0.48 -0.56 45.96


-0.08 0.29 85.89
-0.13 0.35 89.84
-0.07 0.35 89.62
-0.08 0.29 85.89


0.63 -0.03 50.99
0.57 -0.13 51.85
0.52 -0.03 56.45
0.63 -0.03 50.99


0.68 -0.23 46.03
0.57 -0.13 51.85
0.69 -0.11 46.25
0.68 -0.23 46.03


-0.23 0.15 85.52
-0.20 0.20 84.95
-0.17 0.16 84.80
-0.23 0.15 85.52


0.87 0.20 45.33
0.81 0.07 41.13
0.78 0.17 49.04
0.87 0.20 45.33


0.93 -0.20 37.23
0.89 -0.30 40.83
0.80 -0.19 40.78
0.93 -0.20 37.23


0.38 -0.44 54.33
0.48 -0.56 45.96
0.33 -0.55 53.83
0.38 -0.44 54.33


0.06 -0.15 74.70
0.15 -0.12 71.12
0.09 -0.22 72.40
0.06 -0.15 74.70


0.14 -0.55 64.06
0.15 -0.42 66.24
0.26 -0.49 59.19
0.14 -0.55 64.06


0.57 -0.13 51.85
0.63 -0.03 50.99
0.69 -0.11 46.25
0.57 -0.13 51.85


0.15 -0.12 71.12
0.17 -0.22 68.44
0.09 -0.22 72.40
0.15 -0.12 71.12


-0.10 -0.18 81.26
-0.07 -0.24 80.12
-0.12 -0.25 82.53
-0.10 -0.18 81.26


0.06 -0.31 73.24
0.15 -0.42 66.24
0.03 -0.40 73.21
0.06 -0.31 73.24


0.44 -0.11 58.51
0.57 -0.13 51.85
0.49 -0.21 54.57
0.44 -0.11 58.51


-0.02 0.16 81.37
-0.09 0.11 82.72
-0.11 0.16 83.69
-0.02 0.16 81.37


-0.30 -0.00 100.00
-0.28 0.05 90.58
-0.25 -0.01 90.98
-0.30 -0.00 100.00


-0.15 -0.15 83.21
-0.19 -0.09 85.16
-0.13 -0.08 83.17
-0.15 -0.15 83.21


-0.19 -0.09 85.16
-0.21 -0.16 84.63
-0.23 -0.12 86.00
-0.19 -0.09 85.16


0.25 -0.14 66.53
0.15 -0.12 71.12
0.23 -0.04 68.61
0.25 -0.14 66.53


0.04 0.20 80.00
-0.01 0.26 82.95
0.06 0.30 81.03
0.04 0.20 80.00


-0.25 -0.01 90.98
-0.28 0.05 90.58
-0.21 0.05 87.49
-0.25 -0.01 90.98


0.56 0.15 58.65
0.68 0.08 50.99
0.57 0.05 55.49
0.56 0.15 58.65


0.57 -0.13 51.85
0.68 -0.23 46.03
0.57 -0.23 50.52
0.57 -0.13 51.85


-0.09 -0.45 80.11
-0.03 -0.35 78.21
0.03 -0.40 73.21
-0.09 -0.45 80.11


0.50 0.24 63.90
0.47 0.36 68.76
0.56 0.31 64.31
0.50 0.24 63.90


0.20 0.15 73.06
0.12 0.16 76.38
0.18 0.23 75.21
0.20 0.15 73.06


-0.09 0.21 83.90
-0.02 0.16 81.37
-0.11 0.16 83.69
-0.09 0.21 83.90


0.12 0.16 76.38
0.12 0.24 77.76
0.18 0.23 75.21
0.12 0.16 76.38


0.65 0.31 61.18
0.75 0.40 61.76
0.73 0.27 56.27
0.65 0.31 61.18


-0.03 0.33 85.86
-0.01 0.26 82.95
-0.08 0.29 85.89
-0.03 0.33 85.86


0.15 -0.42 66.24
0.06 -0.31 73.24
0.15 -0.31 68.28
0.15 -0.42 66.24


0.80 -0.19 40.78
0.89 -0.30 40.83
0.78 -0.32 42.64
0.80 -0.19 40.78


0.78 -0.60 36.04
0.65 -0.61 35.70
0.69 -0.52 40.13
0.78 -0.60 36.04


0.50 0.24 63.90
0.56 0.15 58.65
0.45 0.17 64.03
0.50 0.24 63.90


0.56 0.15 58.65
0.68 0.18 54.82
0.68 0.08 50.99
0.56 0.15 58.65


0.06 -0.31 73.24
-0.03 -0.35 78.21
-0.03 -0.27 78.07
0.06 -0.31 73.24


0.52 -0.03 56.45
0.44 -0.11 58.51
0.41 -0.00 61.82
0.52 -0.03 56.45


0.78 -0.32 42.64
0.85 -0.40 41.84
0.75 -0.42 42.26
0.78 -0.32 42.64


0.15 -0.01 72.69
0.13 0.08 74.63
0.22 0.06 70.79
0.15 -0.01 72.69


0.52 0.50 72.57
0.42 0.46 73.11
0.41 0.54 75.72
0.52 0.50 72.57


0.05 0.50 81.12
0.12 0.55 78.74
0.14 0.46 78.91
0.05 0.50 81.12


0.15 -0.42 66.24
0.24 -0.32 63.57
0.28 -0.40 60.20
0.15 -0.42 66.24


0.75 0.40 61.76
0.81 0.30 54.53
0.73 0.27 56.27
0.75 0.40 61.76


0.54 0.60 76.26
0.46 0.60 77.84
0.48 0.69 82.67
0.54 0.60 76.26


0.15 -0.31 68.28
0.06 -0.31 73.24
0.09 -0.22 72.40
0.15 -0.31 68.28


0.02 -0.23 75.67
0.06 -0.31 73.24
-0.03 -0.27 78.07
0.02 -0.23 75.67


-0.25 -0.01 90.98
-0.20 -0.02 87.03
-0.24 -0.06 87.95
-0.25 -0.01 90.98


-0.09 0.11 82.72
-0.11 0.04 83.20
-0.14 0.11 84.25
-0.09 0.11 82.72


0.46 0.60 77.84
0.52 0.50 72.57
0.41 0.54 75.72
0.46 0.60 77.84


0.12 0.24 77.76
0.04 0.20 80.00
0.06 0.30 81.03
0.12 0.24 77.76


0.17 -0.22 68.44
0.25 -0.14 66.53
0.26 -0.22 64.54
0.17 -0.22 68.44


0.42 0.46 73.11
0.34 0.52 76.02
0.41 0.54 75.72
0.42 0.46 73.11


0.65 -0.61 35.70
0.74 -0.70 26.86
0.65 -0.69 28.67
0.65 -0.61 35.70


0.25 -0.60 56.96
0.14 -0.55 64.06
0.26 -0.49 59.19
0.25 -0.60 56.96


0.68 -0.23 46.03
0.80 -0.19 40.78
0.78 -0.32 42.64
0.68 -0.23 46.03


0.23 -0.04 68.61
0.15 -0.01 72.69
0.22 0.06 70.79
0.23 -0.04 68.61


0.04 0.11 78.41
-0.02 0.16 81.37
0.04 0.20 80.00
0.04 0.11 78.41


-0.10 0.40 100.00
-0.03 0.45 85.56
-0.04 0.39 88.90
-0.10 0.40 100.00


-0.21 0.05 87.49
-0.25 0.10 87.15
-0.20 0.10 85.72
-0.21 0.05 87.49


0.24 -0.32 63.57
0.15 -0.42 66.24
0.15 -0.31 68.28
0.24 -0.32 63.57


-0.04 0.05 80.78
-0.09 0.11 82.72
-0.03 0.10 80.82
-0.04 0.05 80.78


0.17 -0.22 68.44
0.24 -0.32 63.57
0.15 -0.31 68.28
0.17 -0.22 68.44


0.50 -0.30 52.05
0.61 -0.30 47.97
0.58 -0.39 46.97
0.50 -0.30 52.05


0.49 -0.42 49.58
0.50 -0.30 52.05
0.58 -0.39 46.97
0.49 -0.42 49.58


0.94 0.10 32.04
1.00 0.00 0.00
0.89 -0.02 28.97
0.94 0.10 32.04


-0.28 0.05 90.58
-0.25 0.10 87.15
-0.21 0.05 87.49
-0.28 0.05 90.58


-0.09 0.21 83.90
-0.08 0.29 85.89
-0.03 0.22 82.61
-0.09 0.21 83.90


-0.13 -0.08 83.17
-0.19 -0.09 85.16
-0.15 -0.03 84.37
-0.13 -0.08 83.17


0.17 -0.22 68.44
0.15 -0.31 68.28
0.09 -0.22 72.40
0.17 -0.22 68.44


0.48 0.07 60.31
0.52 -0.03 56.45
0.41 -0.00 61.82
0.48 0.07 60.31


0.89 -0.30 40.83
0.85 -0.40 41.84
0.78 -0.32 42.64
0.89 -0.30 40.83


0.24 -0.32 63.57
0.17 -0.22 68.44
0.26 -0.22 64.54
0.24 -0.32 63.57


0.37 0.34 71.01
0.31 0.27 71.54
0.28 0.36 74.24
0.37 0.34 71.01


0.13 0.08 74.63
0.04 0.11 78.41
0.12 0.16 76.38
0.13 0.08 74.63


0.69 -0.35 44.55
0.78 -0.32 42.64
0.75 -0.42 42.26
0.69 -0.35 44.55


-0.25 -0.20 84.83
-0.26 -0.15 85.57
-0.21 -0.16 84.63
-0.25 -0.20 84.83


-0.23 0.15 85.52
-0.17 0.16 84.80
-0.20 0.10 85.72
-0.23 0.15 85.52


0.27 0.65 78.06
0.36 0.61 78.05
0.27 0.57 77.37
0.27 0.65 78.06


-0.08 0.29 85.89
-0.01 0.26 82.95
-0.03 0.22 82.61
-0.08 0.29 85.89


-0.17 0.16 84.80
-0.20 0.20 84.95
-0.14 0.21 84.69
-0.17 0.16 84.80


0.33 -0.07 64.10
0.25 -0.14 66.53
0.23 -0.04 68.61
0.33 -0.07 64.10


0.59 -0.48 44.11
0.69 -0.52 40.13
0.60 -0.56 40.57
0.59 -0.48 44.11


0.42 0.46 73.11
0.52 0.50 72.57
0.49 0.43 70.58
0.42 0.46 73.11


0.44 -0.11 58.51
0.33 -0.07 64.10
0.41 -0.00 61.82
0.44 -0.11 58.51


0.48 -0.70 41.52
0.48 -0.56 45.96
0.56 -0.64 38.11
0.48 -0.70 41.52


-0.11 0.04 83.20
-0.15 -0.03 84.37
-0.17 0.02 85.45
-0.11 0.04 83.20


0.69 -0.52 40.13
0.65 -0.61 35.70
0.60 -0.56 40.57
0.69 -0.52 40.13


0.31 0.03 66.58
0.33 -0.07 64.10
0.23 -0.04 68.61
0.31 0.03 66.58


0.56 0.70 81.90
0.54 0.60 76.26
0.48 0.69 82.67
0.56 0.70 81.90


0.26 -0.49 59.19
0.15 -0.42 66.24
0.28 -0.40 60.20
0.26 -0.49 59.19


0.04 0.11 78.41
0.04 0.20 80.00
0.12 0.16 76.38
0.04 0.11 78.41


-0.09 -0.45 80.11
-0.15 -0.36 88.81
-0.10 -0.35 82.78
-0.09 -0.45 80.11


0.04 0.20 80.00
-0.02 0.16 81.37
-0.03 0.22 82.61
0.04 0.20 80.00


1.00 0.00 0.00
0.96 -0.10 27.82
0.89 -0.02 28.97
1.00 0.00 0.00


0.61 -0.30 47.97
0.69 -0.35 44.55
0.58 -0.39 46.97
0.61 -0.30 47.97


0.13 0.08 74.63
0.20 0.15 73.06
0.22 0.06 70.79
0.13 0.08 74.63


0.68 0.08 50.99
0.68 0.18 54.82
0.78 0.17 49.04
0.68 0.08 50.99


0.81 0.07 41.13
0.68 0.08 50.99
0.78 0.17 49.04
0.81 0.07 41.13


0.33 0.43 74.30
0.37 0.34 71.01
0.28 0.36 74.24
0.33 0.43 74.30


-0.11 0.04 83.20
-0.09 -0.03 82.16
-0.15 -0.03 84.37
-0.11 0.04 83.20


0.05 0.50 81.12
0.14 0.46 78.91
0.07 0.43 81.32
0.05 0.50 81.12


0.37 0.34 71.01
0.47 0.36 68.76
0.41 0.26 67.79
0.37 0.34 71.01


0.57 0.40 67.28
0.65 0.31 61.18
0.56 0.31 64.31
0.57 0.40 67.28


0.14 0.46 78.91
0.25 0.47 76.49
0.19 0.38 77.05
0.14 0.46 78.91


0.03 0.38 83.77
0.11 0.38 79.79
0.06 0.30 81.03
0.03 0.38 83.77


0.13 0.08 74.63
0.15 -0.01 72.69
0.07 0.04 76.43
0.13 0.08 74.63


0.11 0.38 79.79
0.14 0.46 78.91
0.19 0.38 77.05
0.11 0.38 79.79


-0.02 -0.19 78.15
-0.05 -0.12 79.57
0.01 -0.10 77.19
-0.02 -0.19 78.15


0.33 -0.07 64.10
0.44 -0.11 58.51
0.34 -0.16 62.02
0.33 -0.07 64.10


-0.03 -0.06 79.54
0.01 -0.01 78.10
0.01 -0.10 77.19
-0.03 -0.06 79.54


0.27 0.65 78.06
0.35 0.70 80.07
0.36 0.61 78.05
0.27 0.65 78.06


-0.02 0.16 81.37
0.04 0.11 78.41
-0.03 0.10 80.82
-0.02 0.16 81.37


-0.03 -0.35 78.21
0.06 -0.31 73.24
0.03 -0.40 73.21
-0.03 -0.35 78.21


0.65 0.31 61.18
0.57 0.40 67.28
0.65 0.42 65.44
0.65 0.31 61.18


0.06 -0.15 74.70
-0.02 -0.19 78.15
0.01 -0.10 77.19
0.06 -0.15 74.70


0.54 0.60 76.26
0.62 0.60 74.33
0.60 0.49 70.27
0.54 0.60 76.26


0.81 -0.50 40.36
0.78 -0.60 36.04
0.69 -0.52 40.13
0.81 -0.50 40.36


-0.01 0.26 82.95
0.04 0.20 80.00
-0.03 0.22 82.61
-0.01 0.26 82.95


0.52 0.50 72.57
0.54 0.60 76.26
0.60 0.49 70.27
0.52 0.50 72.57


-0.09 0.11 82.72
-0.02 0.16 81.37
-0.03 0.10 80.82
-0.09 0.11 82.72


0.33 -0.07 64.10
0.31 0.03 66.58
0.41 -0.00 61.82
0.33 -0.07 64.10


-0.02 0.16 81.37
-0.09 0.21 83.90
-0.03 0.22 82.61
-0.02 0.16 81.37


0.06 -0.31 73.24
0.02 -0.23 75.67
0.09 -0.22 72.40
0.06 -0.31 73.24


0.06 -0.15 74.70
0.02 -0.23 75.67
-0.02 -0.19 78.15
0.06 -0.15 74.70


-0.11 0.04 83.20
-0.17 0.07 85.22
-0.14 0.11 84.25
-0.11 0.04 83.20


0.01 -0.01 78.10
0.08 -0.06 74.83
0.01 -0.10 77.19
0.01 -0.01 78.10


-0.04 0.05 80.78
0.01 -0.01 78.10
-0.05 -0.00 80.64
-0.04 0.05 80.78


0.81 0.30 54.53
0.87 0.20 45.33
0.78 0.17 49.04
0.81 0.30 54.53


-0.03 0.45 85.56
0.05 0.50 81.12
0.07 0.43 81.32
-0.03 0.45 85.56


0.65 0.31 61.18
0.68 0.18 54.82
0.59 0.23 60.40
0.65 0.31 61.18


0.03 0.38 83.77
-0.03 0.45 85.56
0.07 0.43 81.32
0.03 0.38 83.77


0.36 0.61 78.05
0.34 0.52 76.02
0.27 0.57 77.37
0.36 0.61 78.05


0.35 0.19 68.43
0.31 0.27 71.54
0.41 0.26 67.79
0.35 0.19 68.43


-0.20 -0.02 87.03
-0.25 -0.01 90.98
-0.21 0.05 87.49
-0.20 -0.02 87.03


-0.29 -0.05 90.82
-0.30 -0.00 100.00
-0.25 -0.01 90.98
-0.29 -0.05 90.82


0.04 0.11 78.41
0.13 0.08 74.63
0.07 0.04 76.43
0.04 0.11 78.41


0.68 -0.23 46.03
0.61 -0.30 47.97
0.57 -0.23 50.52
0.68 -0.23 46.03


0.01 -0.01 78.10
-0.04 0.05 80.78
0.01 0.06 78.86
0.01 -0.01 78.10


0.03 -0.50 71.43
-0.09 -0.45 80.11
0.03 -0.40 73.21
0.03 -0.50 71.43


0.75 0.40 61.76
0.65 0.31 61.18
0.65 0.42 65.44
0.75 0.40 61.76


0.15 -0.01 72.69
0.15 -0.12 71.12
0.08 -0.06 74.83
0.15 -0.01 72.69


-0.17 0.07 85.22
-0.21 0.05 87.49
-0.20 0.10 85.72
-0.17 0.07 85.22


0.14 0.46 78.91
0.12 0.55 78.74
0.20 0.53 77.78
0.14 0.46 78.91


0.68 0.18 54.82
0.65 0.31 61.18
0.73 0.27 56.27
0.68 0.18 54.82


0.68 0.08 50.99
0.63 -0.03 50.99
0.57 0.05 55.49
0.68 0.08 50.99


-0.03 0.33 85.86
-0.08 0.29 85.89
-0.07 0.35 89.62
-0.03 0.33 85.86


-0.15 0.30 86.73
-0.08 0.29 85.89
-0.13 0.25 85.30
-0.15 0.30 86.73


0.15 -0.12 71.12
0.06 -0.15 74.70
0.08 -0.06 74.83
0.15 -0.12 71.12


0.61 -0.30 47.97
0.50 -0.30 52.05
0.57 -0.23 50.52
0.61 -0.30 47.97


0.35 0.19 68.43
0.38 0.10 65.24
0.29 0.12 69.37
0.35 0.19 68.43


0.31 0.03 66.58
0.23 -0.04 68.61
0.22 0.06 70.79
0.31 0.03 66.58


0.89 -0.02 28.97
0.96 -0.10 27.82
0.87 -0.12 35.38
0.89 -0.02 28.97


0.48 0.07 60.31
0.38 0.10 65.24
0.45 0.17 64.03
0.48 0.07 60.31


0.93 -0.20 37.23
0.80 -0.19 40.78
0.87 -0.12 35.38
0.93 -0.20 37.23


0.58 -0.39 46.97
0.69 -0.35 44.55
0.66 -0.43 43.42
0.58 -0.39 46.97


-0.14 -0.31 84.52
-0.18 -0.26 84.85
-0.12 -0.25 82.53
-0.14 -0.31 84.52


-0.09 -0.03 82.16
-0.11 0.04 83.20
-0.05 -0.00 80.64
-0.09 -0.03 82.16


0.25 0.47 76.49
0.14 0.46 78.91
0.20 0.53 77.78
0.25 0.47 76.49


0.50 0.80 100.00
0.56 0.70 81.90
0.48 0.69 82.67
0.50 0.80 100.00


0.38 0.10 65.24
0.31 0.03 66.58
0.29 0.12 69.37
0.38 0.10 65.24


0.41 -0.00 61.82
0.31 0.03 66.58
0.38 0.10 65.24
0.41 -0.00 61.82


-0.20 0.20 84.95
-0.18 0.25 85.24
-0.14 0.21 84.69
-0.20 0.20 84.95


0.41 -0.19 58.17
0.49 -0.21 54.57
0.42 -0.28 56.17
0.41 -0.19 58.17


0.79 -0.06 39.94
0.89 -0.02 28.97
0.87 -0.12 35.38
0.79 -0.06 39.94


0.46 0.60 77.84
0.42 0.67 81.00
0.48 0.69 82.67
0.46 0.60 77.84


0.70 -0.80 0.00
0.59 -0.75 30.12
0.65 -0.69 28.67
0.70 -0.80 0.00


0.80 -0.19 40.78
0.79 -0.06 39.94
0.87 -0.12 35.38
0.80 -0.19 40.78


0.81 0.30 54.53
0.78 0.17 49.04
0.73 0.27 56.27
0.81 0.30 54.53


0.31 0.27 71.54
0.23 0.30 74.61
0.28 0.36 74.24
0.31 0.27 71.54


0.74 -0.70 26.86
0.70 -0.80 0.00
0.65 -0.69 28.67
0.74 -0.70 26.86


0.49 -0.21 54.57
0.50 -0.30 52.05
0.42 -0.28 56.17
0.49 -0.21 54.57


-0.21 -0.16 84.63
-0.26 -0.15 85.57
-0.23 -0.12 86.00
-0.21 -0.16 84.63


0.22 0.06 70.79
0.20 0.15 73.06
0.29 0.12 69.37
0.22 0.06 70.79


0.04 0.20 80.00
0.12 0.24 77.76
0.12 0.16 76.38
0.04 0.20 80.00


0.14 0.46 78.91
0.11 0.38 79.79
0.07 0.43 81.32
0.14 0.46 78.91


0.59 -0.75 30.12
0.56 -0.64 38.11
0.65 -0.69 28.67
0.59 -0.75 30.12


0.59 -0.75 30.12
0.48 -0.70 41.52
0.56 -0.64 38.11
0.59 -0.75 30.12


0.20 0.15 73.06
0.26 0.21 72.09
0.29 0.12 69.37
0.20 0.15 73.06


0.52 0.50 72.57
0.46 0.60 77.84
0.54 0.60 76.26
0.52 0.50 72.57


0.26 0.21 72.09
0.20 0.15 73.06
0.18 0.23 75.21
0.26 0.21 72.09


0.34 -0.16 62.02
0.44 -0.11 58.51
0.41 -0.19 58.17
0.34 -0.16 62.02


-0.11 0.04 83.20
-0.04 0.05 80.78
-0.05 -0.00 80.64
-0.11 0.04 83.20


0.52 0.50 72.57
0.57 0.40 67.28
0.49 0.43 70.58
0.52 0.50 72.57


0.81 -0.50 40.36
0.69 -0.52 40.13
0.75 -0.42 42.26
0.81 -0.50 40.36


-0.25 -0.20 84.83
-0.21 -0.16 84.63
-0.21 -0.22 84.52
-0.25 -0.20 84.83


0.48 0.07 60.31
0.41 -0.00 61.82
0.38 0.10 65.24
0.48 0.07 60.31


0.49 -0.42 49.58
0.38 -0.44 54.33
0.43 -0.36 53.92
0.49 -0.42 49.58


0.38 -0.44 54.33
0.26 -0.49 59.19
0.28 -0.40 60.20
0.38 -0.44 54.33


-0.18 -0.26 84.85
-0.16 -0.20 83.47
-0.12 -0.25 82.53
-0.18 -0.26 84.85


0.20 0.15 73.06
0.13 0.08 74.63
0.12 0.16 76.38
0.20 0.15 73.06


0.59 -0.48 44.11
0.49 -0.42 49.58
0.58 -0.39 46.97
0.59 -0.48 44.11


0.62 0.60 74.33
0.69 0.50 68.16
0.60 0.49 70.27
0.62 0.60 74.33


0.31 0.27 71.54
0.37 0.34 71.01
0.41 0.26 67.79
0.31 0.27 71.54


-0.20 0.10 85.72
-0.17 0.16 84.80
-0.14 0.11 84.25
-0.20 0.10 85.72


0.56 0.15 58.65
0.50 0.24 63.90
0.59 0.23 60.40
0.56 0.15 58.65


0.50 -0.30 52.05
0.49 -0.42 49.58
0.43 -0.36 53.92
0.50 -0.30 52.05


0.57 0.40 67.28
0.52 0.50 72.57
0.60 0.49 70.27
0.57 0.40 67.28


-0.18 -0.26 84.85
-0.14 -0.31 84.52
-0.18 -0.32 86.91
-0.18 -0.26 84.85


-0.29 -0.05 90.82
-0.25 -0.01 90.98
-0.24 -0.06 87.95
-0.29 -0.05 90.82


0.33 -0.25 60.47
0.26 -0.22 64.54
0.34 -0.16 62.02
0.33 -0.25 60.47


0.26 0.21 72.09
0.35 0.19 68.43
0.29 0.12 69.37
0.26 0.21 72.09


0.12 0.24 77.76
0.06 0.30 81.03
0.16 0.31 77.35
0.12 0.24 77.76


0.52 -0.03 56.45
0.48 0.07 60.31
0.57 0.05 55.49
0.52 -0.03 56.45


-0.08 0.29 85.89
-0.09 0.21 83.90
-0.13 0.25 85.30
-0.08 0.29 85.89


0.35 -0.35 57.84
0.38 -0.44 54.33
0.28 -0.40 60.20
0.35 -0.35 57.84


0.06 0.30 81.03
0.11 0.38 79.79
0.16 0.31 77.35
0.06 0.30 81.03


0.68 0.18 54.82
0.56 0.15 58.65
0.59 0.23 60.40
0.68 0.18 54.82


-0.27 -0.10 87.31
-0.29 -0.05 90.82
-0.24 -0.06 87.95
-0.27 -0.10 87.31


0.31 0.03 66.58
0.22 0.06 70.79
0.29 0.12 69.37
0.31 0.03 66.58


0.56 0.70 81.90
0.62 0.60 74.33
0.54 0.60 76.26
0.56 0.70 81.90


0.25 -0.14 66.53
0.33 -0.07 64.10
0.34 -0.16 62.02
0.25 -0.14 66.53


0.50 -0.30 52.05
0.49 -0.21 54.57
0.57 -0.23 50.52
0.50 -0.30 52.05


0.26 -0.49 59.19
0.38 -0.44 54.33
0.33 -0.55 53.83
0.26 -0.49 59.19


0.26 -0.22 64.54
0.25 -0.14 66.53
0.34 -0.16 62.02
0.26 -0.22 64.54


0.02 -0.23 75.67
0.06 -0.15 74.70
0.09 -0.22 72.40
0.02 -0.23 75.67


-0.20 -0.02 87.03
-0.21 0.05 87.49
-0.17 0.02 85.45
-0.20 -0.02 87.03


0.63 -0.03 50.99
0.52 -0.03 56.45
0.57 0.05 55.49
0.63 -0.03 50.99


0.38 -0.44 54.33
0.35 -0.35 57.84
0.43 -0.36 53.92
0.38 -0.44 54.33


0.56 -0.64 38.11
0.65 -0.61 35.70
0.65 -0.69 28.67
0.56 -0.64 38.11


-0.03 0.10 80.82
0.04 0.11 78.41
0.01 0.06 78.86
-0.03 0.10 80.82


0.48 0.07 60.31
0.56 0.15 58.65
0.57 0.05 55.49
0.48 0.07 60.31


-0.20 -0.40 100.00
-0.21 -0.35 90.36
-0.15 -0.36 88.81
-0.20 -0.40 100.00


-0.21 0.05 87.49
-0.17 0.07 85.22
-0.17 0.02 85.45
-0.21 0.05 87.49


0.79 -0.06 39.94
0.69 -0.11 46.25
0.72 -0.01 45.85
0.79 -0.06 39.94


-0.22 -0.30 86.42
-0.24 -0.25 85.03
-0.18 -0.26 84.85
-0.22 -0.30 86.42


0.47 0.36 68.76
0.57 0.40 67.28
0.56 0.31 64.31
0.47 0.36 68.76


0.96 -0.10 27.82
0.93 -0.20 37.23
0.87 -0.12 35.38
0.96 -0.10 27.82


0.12 0.55 78.74
0.20 0.60 77.70
0.20 0.53 77.78
0.12 0.55 78.74


-0.17 0.16 84.80
-0.11 0.16 83.69
-0.14 0.11 84.25
-0.17 0.16 84.80


0.69 -0.11 46.25
0.63 -0.03 50.99
0.72 -0.01 45.85
0.69 -0.11 46.25


0.19 0.38 77.05
0.25 0.47 76.49
0.28 0.36 74.24
0.19 0.38 77.05


0.36 -0.65 49.64
0.25 -0.60 56.96
0.33 -0.55 53.83
0.36 -0.65 49.64


0.25 -0.60 56.96
0.26 -0.49 59.19
0.33 -0.55 53.83
0.25 -0.60 56.96


-0.14 0.21 84.69
-0.18 0.25 85.24
-0.13 0.25 85.30
-0.14 0.21 84.69


0.68 0.08 50.99
0.81 0.07 41.13
0.72 -0.01 45.85
0.68 0.08 50.99


-0.17 0.07 85.22
-0.20 0.10 85.72
-0.14 0.11 84.25
-0.17 0.07 85.22


-0.07 -0.24 80.12
-0.02 -0.19 78.15
-0.03 -0.27 78.07
-0.07 -0.24 80.12


0.42 0.75 85.72
0.50 0.80 100.00
0.48 0.69 82.67
0.42 0.75 85.72


0.25 0.47 76.49
0.33 0.43 74.30
0.28 0.36 74.24
0.25 0.47 76.49


-0.17 0.07 85.22
-0.11 0.04 83.20
-0.17 0.02 85.45
-0.17 0.07 85.22


-0.24 -0.25 85.03
-0.25 -0.20 84.83
-0.21 -0.22 84.52
-0.24 -0.25 85.03


0.35 -0.35 57.84
0.33 -0.25 60.47
0.42 -0.28 56.17
0.35 -0.35 57.84


-0.25 0.10 87.15
-0.23 0.15 85.52
-0.20 0.10 85.72
-0.25 0.10 87.15


-0.07 -0.24 80.12
-0.10 -0.18 81.26
-0.02 -0.19 78.15
-0.07 -0.24 80.12


-0.18 0.25 85.24
-0.15 0.30 86.73
-0.13 0.25 85.30
-0.18 0.25 85.24


0.24 -0.32 63.57
0.35 -0.35 57.84
0.28 -0.40 60.20
0.24 -0.32 63.57


0.75 -0.42 42.26
0.69 -0.52 40.13
0.66 -0.43 43.42
0.75 -0.42 42.26


0.38 0.10 65.24
0.35 0.19 68.43
0.45 0.17 64.03
0.38 0.10 65.24


0.03 0.38 83.77
-0.03 0.33 85.86
-0.04 0.39 88.90
0.03 0.38 83.77


0.35 0.19 68.43
0.26 0.21 72.09
0.31 0.27 71.54
0.35 0.19 68.43


-0.09 0.21 83.90
-0.14 0.21 84.69
-0.13 0.25 85.30
-0.09 0.21 83.90


-0.27 -0.10 87.31
-0.24 -0.06 87.95
-0.23 -0.12 86.00
-0.27 -0.10 87.31


-0.26 -0.15 85.57
-0.27 -0.10 87.31
-0.23 -0.12 86.00
-0.26 -0.15 85.57


-0.21 -0.35 90.36
-0.22 -0.30 86.42
-0.18 -0.32 86.91
-0.21 -0.35 90.36


0.20 0.53 77.78
0.20 0.60 77.70
0.27 0.57 77.37
0.20 0.53 77.78


0.65 0.31 61.18
0.59 0.23 60.40
0.56 0.31 64.31
0.65 0.31 61.18


0.11 0.38 79.79
0.19 0.38 77.05
0.16 0.31 77.35
0.11 0.38 79.79


0.69 0.50 68.16
0.75 0.40 61.76
0.65 0.42 65.44
0.69 0.50 68.16


-0.09 -0.03 82.16
-0.13 -0.08 83.17
-0.15 -0.03 84.37
-0.09 -0.03 82.16


-0.11 0.16 83.69
-0.09 0.11 82.72
-0.14 0.11 84.25
-0.11 0.16 83.69


0.85 -0.40 41.84
0.81 -0.50 40.36
0.75 -0.42 42.26
0.85 -0.40 41.84


0.35 0.70 80.07
0.42 0.75 85.72
0.42 0.67 81.00
0.35 0.70 80.07


0.45 0.17 64.03
0.35 0.19 68.43
0.41 0.26 67.79
0.45 0.17 64.03


0.19 0.38 77.05
0.23 0.30 74.61
0.16 0.31 77.35
0.19 0.38 77.05


-0.15 -0.36 88.81
-0.21 -0.35 90.36
-0.18 -0.32 86.91
-0.15 -0.36 88.81


-0.18 -0.26 84.85
-0.24 -0.25 85.03
-0.21 -0.22 84.52
-0.18 -0.26 84.85


0.20 0.60 77.70
0.27 0.65 78.06
0.27 0.57 77.37
0.20 0.60 77.70


0.26 0.21 72.09
0.23 0.30 74.61
0.31 0.27 71.54
0.26 0.21 72.09


0.69 -0.52 40.13
0.59 -0.48 44.11
0.66 -0.43 43.42
0.69 -0.52 40.13


0.01 -0.01 78.10
-0.03 -0.06 79.54
-0.05 -0.00 80.64
0.01 -0.01 78.10


-0.15 -0.15 83.21
-0.13 -0.08 83.17
-0.10 -0.13 81.80
-0.15 -0.15 83.21


-0.13 -0.08 83.17
-0.09 -0.03 82.16
-0.08 -0.08 81.16
-0.13 -0.08 83.17


-0.22 -0.30 86.42
-0.18 -0.26 84.85
-0.18 -0.32 86.91
-0.22 -0.30 86.42


0.11 0.38 79.79
0.03 0.38 83.77
0.07 0.43 81.32
0.11 0.38 79.79


0.34 0.52 76.02
0.36 0.61 78.05
0.41 0.54 75.72
0.34 0.52 76.02


0.23 0.30 74.61
0.26 0.21 72.09
0.18 0.23 75.21
0.23 0.30 74.61


-0.10 -0.18 81.26
-0.05 -0.12 79.57
-0.02 -0.19 78.15
-0.10 -0.18 81.26


-0.09 -0.03 82.16
-0.03 -0.06 79.54
-0.08 -0.08 81.16
-0.09 -0.03 82.16


0.23 0.30 74.61
0.19 0.38 77.05
0.28 0.36 74.24
0.23 0.30 74.61


-0.13 0.35 89.84
-0.10 0.40 100.00
-0.07 0.35 89.62
-0.13 0.35 89.84


0.59 -0.48 44.11
0.58 -0.39 46.97
0.66 -0.43 43.42
0.59 -0.48 44.11


0.08 -0.06 74.83
0.06 -0.15 74.70
0.01 -0.10 77.19
0.08 -0.06 74.83


0.57 0.40 67.28
0.47 0.36 68.76
0.49 0.43 70.58
0.57 0.40 67.28


-0.05 -0.12 79.57
-0.03 -0.06 79.54
0.01 -0.10 77.19
-0.05 -0.12 79.57


-0.15 -0.03 84.37
-0.20 -0.02 87.03
-0.17 0.02 85.45
-0.15 -0.03 84.37


0.36 0.61 78.05
0.35 0.70 80.07
0.42 0.67 81.00
0.36 0.61 78.05


-0.24 -0.06 87.95
-0.19 -0.09 85.16
-0.23 -0.12 86.00
-0.24 -0.06 87.95


0.47 0.36 68.76
0.42 0.46 73.11
0.49 0.43 70.58
0.47 0.36 68.76


0.63 -0.03 50.99
0.68 0.08 50.99
0.72 -0.01 45.85
0.63 -0.03 50.99


-0.17 0.16 84.80
-0.14 0.21 84.69
-0.11 0.16 83.69
-0.17 0.16 84.80


-0.02 -0.19 78.15
0.02 -0.23 75.67
-0.03 -0.27 78.07
-0.02 -0.19 78.15


0.49 -0.21 54.57
0.57 -0.13 51.85
0.57 -0.23 50.52
0.49 -0.21 54.57


0.78 0.17 49.04
0.68 0.18 54.82
0.73 0.27 56.27
0.78 0.17 49.04


-0.03 -0.06 79.54
-0.09 -0.03 82.16
-0.05 -0.00 80.64
-0.03 -0.06 79.54


0.07 0.04 76.43
0.01 -0.01 78.10
0.01 0.06 78.86
0.07 0.04 76.43


0.36 0.61 78.05
0.46 0.60 77.84
0.41 0.54 75.72
0.36 0.61 78.05


-0.03 0.45 85.56
0.03 0.38 83.77
-0.04 0.39 88.90
-0.03 0.45 85.56


-0.04 0.05 80.78
-0.03 0.10 80.82
0.01 0.06 78.86
-0.04 0.05 80.78


-0.10 -0.18 81.26
-0.15 -0.15 83.21
-0.10 -0.13 81.80
-0.10 -0.18 81.26


0.46 0.60 77.84
0.36 0.61 78.05
0.42 0.67 81.00
0.46 0.60 77.84


-0.03 -0.06 79.54
-0.05 -0.12 79.57
-0.08 -0.08 81.16
-0.03 -0.06 79.54


0.44 -0.11 58.51
0.49 -0.21 54.57
0.41 -0.19 58.17
0.44 -0.11 58.51


0.33 -0.25 60.47
0.41 -0.19 58.17
0.42 -0.28 56.17
0.33 -0.25 60.47


0.50 0.24 63.90
0.45 0.17 64.03
0.41 0.26 67.79
0.50 0.24 63.90


0.65 0.42 65.44
0.57 0.40 67.28
0.60 0.49 70.27
0.65 0.42 65.44


-0.16 -0.20 83.47
-0.18 -0.26 84.85
-0.21 -0.22 84.52
-0.16 -0.20 83.47


0.59 0.23 60.40
0.50 0.24 63.90
0.56 0.31 64.31
0.59 0.23 60.40


0.12 0.24 77.76
0.16 0.31 77.35
0.18 0.23 75.21
0.12 0.24 77.76


0.04 0.11 78.41
0.07 0.04 76.43
0.01 0.06 78.86
0.04 0.11 78.41


-0.05 -0.12 79.57
-0.10 -0.18 81.26
-0.10 -0.13 81.80
-0.05 -0.12 79.57


0.16 0.31 77.35
0.23 0.30 74.61
0.18 0.23 75.21
0.16 0.31 77.35


-0.14 0.21 84.69
-0.09 0.21 83.90
-0.11 0.16 83.69
-0.14 0.21 84.69


0.69 -0.35 44.55
0.75 -0.42 42.26
0.66 -0.43 43.42
0.69 -0.35 44.55


-0.15 -0.36 88.81
-0.14 -0.31 84.52
-0.10 -0.35 82.78
-0.15 -0.36 88.81


0.33 -0.25 60.47
0.34 -0.16 62.02
0.41 -0.19 58.17
0.33 -0.25 60.47


-0.14 -0.31 84.52
-0.15 -0.36 88.81
-0.18 -0.32 86.91
-0.14 -0.31 84.52


-0.10 0.40 100.00
-0.04 0.39 88.90
-0.07 0.35 89.62
-0.10 0.40 100.00


0.56 -0.64 38.11
0.48 -0.56 45.96
0.60 -0.56 40.57
0.56 -0.64 38.11


0.42 0.67 81.00
0.42 0.75 85.72
0.48 0.69 82.67
0.42 0.67 81.00


0.65 -0.61 35.70
0.56 -0.64 38.11
0.60 -0.56 40.57
0.65 -0.61 35.70


-0.08 -0.08 81.16
-0.05 -0.12 79.57
-0.10 -0.13 81.80
-0.08 -0.08 81.16


-0.10 -0.35 82.78
-0.14 -0.31 84.52
-0.08 -0.29 81.13
-0.10 -0.35 82.78


-0.13 -0.08 83.17
-0.08 -0.08 81.16
-0.10 -0.13 81.80
-0.13 -0.08 83.17


0.69 0.50 68.16
0.65 0.42 65.44
0.60 0.49 70.27
0.69 0.50 68.16


0.43 -0.36 53.92
0.35 -0.35 57.84
0.42 -0.28 56.17
0.43 -0.36 53.92


-0.08 -0.29 81.13
-0.14 -0.31 84.52
-0.12 -0.25 82.53
-0.08 -0.29 81.13


-0.04 0.39 88.90
-0.03 0.33 85.86
-0.07 0.35 89.62
-0.04 0.39 88.90


-0.03 -0.35 78.21
-0.08 -0.29 81.13
-0.03 -0.27 78.07
-0.03 -0.35 78.21


0.50 -0.30 52.05
0.43 -0.36 53.92
0.42 -0.28 56.17
0.50 -0.30 52.05


-0.07 -0.24 80.12
-0.08 -0.29 81.13
-0.12 -0.25 82.53
-0.07 -0.24 80.12


-0.08 -0.29 81.13
-0.07 -0.24 80.12
-0.03 -0.27 78.07
-0.08 -0.29 81.13


-0.03 -0.35 78.21
-0.10 -0.35 82.78
-0.08 -0.29 81.13
-0.03 -0.35 78.21


-0.09 -0.45 80.11
-0.20 -0.40 100.00
-0.15 -0.36 88.81
-0.09 -0.45 80.11


EOD


set term epslatex size 5.5,4
set output "test3.tex"

unset key
set xlabel "$x$"
set ylabel "$y$"
set zlabel "heat ($u$)" rotate by 90
set title "Result of Heat Problem"

splot $map with lines

unset output
